0
21171167781
4101603313
3467279395
2376689769
230555917
92613877
301254308
125846982
88247628
56266999
80727675
29371003
32837641
548856923
31339541
9310276
21539644
217
6422971
5891050
98156985
103712249
3920794
146689701
9311331
1970944
17745
18616284
4449082
19276
56266429
291
3726
2455652
490534
123138
1960705
11739379
407
5390324
8092
167
12229160
14208270
2089931
12229207
500906
4275
1968436
5390113
2923
59
123484
7350231
51
172
82
5409848
131
21560096
141981
134519285
3938041
351
57
117
11739467
385
122580
19020
87
19021
1960068
1960330
1960356
5390061
2082822
3233
142
31
122
75
264
5390081
122559
111
63
134518988
49
226
5390026
176
122520
235
46950490
25
44
167
16
51
122532
95
67
137
5663
97
71
160
122916
32
26
106
74
134519022
108
60
122547
38
23
88
642
79
65
180
122575
81
51
20
135
589
24
5727
122582
147
39
49
68
587
23
134518978
122542
1954507
33
1960019
38
569
23
32
210140
26
59
107
36
586
14
477604
122572
87646
47
23
16
705
12
70
122511
87641
18
8
33
1470565
4
32
122529
87637
19
31
22
557
154
31
122492
87627
39
38511
57
556
35
20
130804
87624
6541
7
34390
560
20
39
122525
87635
15
7
34344
570
31
30
122517
87645
24
19
34379
562
26
27
122500
87621
18
62
34344
568
4
36
122510
87621
45
21
34347
596
19
22
122568
87621
23
16
34339
551
17
29
122492
87627
11
29
34361
555
3
23
122497
87623
26
9
34352
560
18
25
122507
87637
7
7
34353
552
10
42
122493
87651
18
6
34356
552
1
19
122495
87622
15
8
34362
850
5
28275
122501
87622
11
12
34339
553
297
26
150752
87625
6
2
34335
554
296
20
28270
87619
15
7
34333
556
301
17
28260
87623
6
16
34332
553
297
15
28272
87631
5
11
34331
551
301
22
28268
87613
6
62
67025
554
305
4
28266
87617
4
20
34335
33236
295
1
28263
87616
4
12
34332
33237
300
7
28266
87611
15
3
34343
33254
294
3
28262
87612
6
6
34336
33249
302
4
28267
87612
15
2
34335
33244
296
5595
28279
87612
6
7
34330
33246
296
2
28264
87612
7
11
34337
32700
303
11
28270
87632
5
1
34333
32691
298
9
28267
87616
7
4
34337
32697
302
1
28264
87610
5574
12
34333
32693
299
2
28259
3
3
2
34336
32692
297
9
28260
2
1
5
34333
32710
297
8
28263
4
3
6
34343
32693
296
3
28275
7
7
12
34335
32693
297
16
28267
13
1
0
1
32695
337
5
28265
0
4
7
6
32690
295
2
28259
5587
8
5578
0
32693
298
9
28263
0
3
10
2
32703
295
1
28260
1
1
11
11
32701
305
0
28263
7
2
1
5
32692
296
5
28262
2
2
2
5
1992699
297
10
28262
5569
1
5
8
32691
294
0
28260
6
4
1
6
32692
295
13
28261
9
0
17419796
0
46221968864
5959531861
2665699631
88425367
198745282
115577557
203604153
13805798
214919777
116535984
5925450
7922841
7934484
13151782
9839537
5884217
6962731
9729760
9802386
19612563
18634289
11285504
17646493
2011113
2663
1963103
3923502
7842305
6875924
29761
3650
8088244
6862985
5893384
1197
2083545
3920818
46956555
1969122
4911177
2083379
3959346
4816963
1147
1620727
46951107
9818145
17920
123218
1225
523
52834
123031
9731071
378
5045664
124765
2020352
9299
697
122664
7350690
11731
2893292
131563
1961591
1960397
18048
2083465
53414
153
11953
137663
10943
2012728
363
132825
3995136
111
870
122912
153
101757915
476
123139
790
1960633
1960295
122922
1961016
135
282
2077282
340
310
968
123085
838
3920095
110
122839
52693
322
410
122682
111
815
27013
123104
2776896
1960266
103
49038549
52627
135
111
122593
878
223
3920184
47073031
224
125
175
122771
80
108
177
122628
140
5679
559
122613
80
78
272
122561
82
97
138
122587
356
154
145
122596
78
98
51
122572
1960200
7268227
97
122554
82186
1098733
170
122543
5686
31
60
122574
80
110
83
122554
126
134
1971969
122533
226
49
11255
122557
40
54
107
122666
89
123
173
122547
65
40
261
122691
49
85
53
122746
86
13
52
122561
68
97
62
2071317
269
39
108
122523
350
113
40
122568
65
22
52
122595
52571
59
191
122512
45
22
129
122607
34
38
116
122545
78
158
52
122526
181
57
39
122511
40
47
32
122559
45
221
29
122531
106
38
38
122518
23
25
78
122537
12
183
40
122535
35
58
44
122528
136
25
31
122547
73
60
35
122518
32
12
33
122533
63
18
24
122577
15
19
75
122552
34
15
15
122503
77
51
57
122511
148
19
30
122509
51
51
21
15
50
10
24
25
45
7
161
157
7
48
77
37
15
11
25
13
11
29
34
1
56
5
3
8
19
74
21
4
24
5
12
4
29
3
13
14
126
5
5630
10
8
23
62
3
5
13
7
23
14
11
20
7
38
59
19
13
18
8
12
75
22
5
3
8
2
5
17
28
20
29
3
4
12
8
37
5577
117
5
6
7
37
111
13
2
13
6
4
3
8
6
10
0
12
1
19
32
21
2
5
5569
5
4
5595
4
4
4
7
7
7
8
10
2
3
2
10
16
6
4
22
4
19
2
6
10
3
4
6
6
5576
22
11
5
115
8
5
10
12
10
23
12
4
2
5582
6
15
3
21
6
13
5
8
5570
6
7
10
16
34
2
8
3
110
3
27
1
11
2
28
4
12
17
5
5
9
14
24
5578
4
3
5
3
30
0
11
3
4
2
31
7
3
2
5590
4
5590
4
5581
11
2
3
12
1
16
1
14
2
8
7
4
5
11
3
18
2
2
8
29
1960008
114
10
1948790
3
3
10
25436538
0
215348276
53900212
2025134319
2034444223
171
171206160
171205924
110250083
22029082
12228994
9800000
9799920
0
0
1
0
84
95
0
80
1
0
80
0
1
82
1
0
0
82
1
80
1
80
80
0
19599680
19599760
0
0
80
80
240
0
160
0
0
0
0
0
0
0
0
0
0
0
0
0
0
0
0
0
0
0
0
0
0
0
0
0
0
0
0
0
0
0
0
0
0
0
0
0
0
0
0
0
0
0
0
0
0
0
0
0
0
0
0
0
0
0
0
0
0
0
0
0
0
0
0
0
0
0
0
0
0
0
0
0
0
0
0
0
0
0
0
0
0
0
0
0
0
0
0
0
0
0
0
0
0
0
0
0
0
0
0
0
0
0
0
0
0
0
0
0
0
0
0
0
0
0
0
0
0
0
0
0
0
0
0
0
0
0
0
0
0
0
0
0
0
0
0
0
0
0
0
0
0
0
0
0
0
0
0
0
0
0
0
0
0
0
0
0
0
0
0
0
0
0
0
0
0
0
0
0
0
0
0
0
0
0
0
0
0
0
0
0
0
0
0
0
0
0
0
0
0
0
0
0
0
0
0
0
0
0
0
0
0
0
0
0
0
0
0
0
0
0
0
0
0
0
0
0
0
0
0
0
0
0
0
0
0
0
0
0
0
0
0
0
0
0
0
0
0
0
0
0
0
0
0
0
0
0
0
0
0
0
0
0
0
0
0
0
0
0
0
0
0
0
0
0
0
0
0
0
0
0
0
0
0
0
0
0
0
0
0
0
0
0
0
0
0
0
0
0
0
0
0
0
0
0
0
0
0
0
0
0
0
0
0
0
0
0
0
0
0
0
0
0
0
0
0
0
0
0
0
0
0
0
0
0
0
0
0
0
0
0
0
0
0
0
0
0
0
0
0
0
0
0
0
0
0
0
0
0
0
0
0
0
0
0
0
0
0
0
0
0
0
0
0
0
0
0
0
0
0
0
0
0
0
0
0
0
0
0
0
0
0
0
0
0
0
0
0
0
0
0
0
0
0
0
0
0
0
0
0
0
0
0
0
0
0
0
0
0
0
0
0
0
0
0
0
0
0
0
0
0
0
0
0
0
0
0
0
0
0
0
0
0
0
0
0
0
0
0
0
0
0
0
0
0
0
0
0
0
0
0
0
0
0
0
0
0
0
0
0
0
0
0
0
0
0
1
0
15912471527
7039793760
3331951378
5040125126
1270286334
3879967462
4345234906
99517890
26492053
7437628
11845293
134588827
13314296
1992570
54817419
1978842
1964880
1962837
5881462
7353483
1961732
3921720
39854
723
11291760
3920635
505
7860852
48916675
311
303
8594
454
327
192
10700
329
188
800
73
96
35
46
160
24
14
2
46
194
54
5
2
43
39
4
8
4
2
12
1
3
85
84
2
5
1
12
87
170
2
0
1
1
1
1
0
1
0
0
0
0
0
0
0
1
19
2
30
0
1
0
0
0
0
0
11
11
4
4
0
1
1
0
3
1
0
0
0
0
1
0
1
0
1
0
0
1
2
0
15
1
1
9
0
10
0
1
2
2
0
2
0
0
0
6
0
0
1
0
0
0
1
1
1
0
1
0
0
0
3
0
1
0
34
1
0
0
2
0
0
0
0
2
0
0
2
1
0
0
3
4
0
0
1
1
0
0
0
0
0
0
0
2
0
0
0
0
0
0
0
0
0
0
0
0
0
0
0
0
0
0
0
1
0
0
0
0
0
0
0
0
0
0
0
1
0
0
0
0
0
0
0
1
0
0
0
0
0
0
0
2
0
0
0
0
0
0
0
4
0
0
0
0
0
0
0
2
0
0
0
0
0
0
0
0
0
0
0
0
0
0
0
3
0
0
0
0
0
0
0
2
0
0
0
0
0
0
0
35
0
0
0
0
0
0
0
1
0
0
0
0
0
0
0
0
0
0
0
0
0
0
0
2
0
0
0
0
0
0
0
11
0
0
0
0
0
0
0
1
0
0
0
0
0
0
0
0
0
1
0
0
0
0
0
0
0
0
0
0
0
0
0
0
0
0
0
0
0
1
0
0
0
0
0
0
0
0
0
0
0
0
0
0
0
0
0
0
0
0
0
0
0
0
0
0
0
0
0
0
0
0
0
0
0
0
0
0
0
0
0
1
0
0
0
0
0
0
0
0
0
0
0
0
0
0
0
0
0
0
0
0
0
0
0
0
0
0
0
0
0
0
0
0
0
0
0
0
0
0
0
0
0
0
0
0
0
1
0
0
0
0
0
0
0
0
0
0
0
0
0
0
0
0
0
0
0
0
0
0
0
0
0
0
0
0
0
0
0
0
0
0
0
0
0
0
0
0
0
0
0
0
0
0
0
0
0
0
0
0
0
0
0
0
0
0
0
0
0
0
0
0
0
0
0
0
0
0
0
0
0
0
13
0
285324113
297921153
878122585
201890249
424643103
359206348
816050043
154138854
2678423505
145051320
54989186
240941838
21577268
84379075
109128074
58256133
2059915870
49000650
46575679
182994967
52833664
186262849
681478310
2903904
5392221
9310638
1961215
46550203
1960588
8898
864
108722538
46551099
841
1977778
476
134519490
2887805
56
2804309
205
549
1117633
100
48916433
12248590
10838
1960444
17690
88
1960452
9347
72
94
157
65
174
122617
187
11186
1960119
8375
213
52614
150
436
122631
90
316
167
70
1960297
100
1960156
123246
1960051
420
38
16
3471
83
258
122637
360
30
14
145
197
124
105
122551
198
54
33
15
31
274
12
122570
4
1721
4
93
16
67
115
122625
7
6
94
49
13
30
705
122531
121
10
136
13
35
15
513
122526
26
29
34
237
11
37
29
122985
64
46
32
167
126
79
143
122570
39
52
107
17
82
91
6
122608
140
105
71
94
75
31
53
122547
320
99
158
211
83
52
67
122538
29
54
36
28
11
118
19
122615
28
63
178
41
186
20
46
122527
80
54
33
30
29
36
18
122575
23
23
73
107
21
19
56
122532
19
6
10
17
43
65
31
122508
3
14
27
14
53
12
19
122541
47
22
23
31
18
17
9
122507
36
30
102
17
29
10
8
122510
15
11
10
13
8
18
13
122522
32
14
12
7
19
7
10
122563
14
8
13
15
6
12
10
122511
4
7
8
10
4
47
8
122507
5
13
1
3
37
3
3
122510
15
4
19
47
3
2
4
122507
4
34
42
5
7
9
4
122503
5
39
8
4
7
2
3
122512
15
1
5
5
7
3
2
122557
2
5
14
5
2
1
21
122491
5
4
7
1
6
4
42
3
4
2
0
11
3
5
0
2
0
3
1
59
3
3
3
0
2
1
8
1
3
1
0
1
4
25
0
4
2
7
0
0
20
1
2
3
3
3
4
2
5
3
2
0
2
1
4
2
2
1
1
3
1
25
3
1
1
1
1
2
4
3
2
2
2
3
0
2
1
1
1
2
2
1
1
3
2
5
0
1
3
1
3
5
5
1
1
3
0
1
1
1
0
4
0
5
2
1
2
2
3
3
1
1
0
0
4
2
1
4
1
2
2
1
4
2
6
2
0
1
4
1
0
2
0
2
1
2
5
1
2
0
3
3
0
3
2
2
1
8
2
3
3
7
3
1
1
2
1
2
3
3
1
2
2
2
3
2
0
2
4
3
1
2
1
3
3
5
0
0
2
2
1
0
1
1
0
1
2
2
2
1
2
3
2
1
2
2
0
1
2
1
4
0
0
3
823
0
119882724
90650578
36750394
2037384054
247
7350044
178555945
46550002
25
12229005
6
160
98
1960000
0
7
0
0
7
0
0
1467479280
0
0
21
0
0
46549912
46549905
0
0
0
0
0
0
0
0
0
0
129128934
0
0
11738994
0
0
0
0
81
85
3
0
563471712
0
0
0
0
0
0
81
0
1
0
14
0
0
0
0
0
0
0
0
70
0
0
0
0
4
0
0
0
0
0
0
0
0
0
0
0
0
0
0
0
0
0
0
0
0
0
0
0
2
0
1959996
0
0
3
0
489999
4
0
0
9
0
0
44995980
0
0
0
0
5389989
0
0
9
0
0
0
0
1
0
0
0
0
0
0
0
0
0
0
0
0
0
0
0
0
7268102
6
0
81883
2
489999
0
0
0
0
0
0
0
0
0
0
0
5389989
0
0
11
0
0
489999
0
0
0
0
0
0
0
0
0
0
0
0
0
0
0
0
0
489999
0
0
5389989
0
0
0
0
0
0
0
0
0
0
0
0
0
0
489999
0
0
0
0
0
5389989
0
0
0
0
0
0
0
0
0
0
0
0
0
0
0
0
0
0
0
0
0
0
0
5389989
0
0
0
0
0
0
0
0
0
0
0
0
0
0
0
0
0
0
0
0
0
0
0
0
0
0
0
0
0
0
0
0
0
0
0
0
0
0
0
0
0
0
0
0
0
0
0
0
0
0
0
0
0
0
0
0
0
0
0
0
0
0
0
0
0
0
0
0
0
0
0
0
0
0
0
0
1
0
2
0
0
0
0
0
0
0
0
0
0
0
0
0
0
0
0
0
0
0
0
0
0
0
0
0
0
0
0
0
0
0
0
0
0
0
0
0
0
0
0
1
0
0
0
0
0
0
0
0
0
0
0
0
0
0
0
0
0
0
0
0
0
0
0
6
0
0
0
0
0
11
0
0
0
0
0
0
0
0
0
0
0
0
1
0
0
0
0
0
0
0
0
0
0
0
0
0
0
0
0
0
0
0
0
0
0
0
0
0
0
0
0
0
0
0
0
0
0
0
1
0
0
0
0
0
0
0
0
0
0
0
0
0
0
0
1
1
0
0
0
0
0
0
0
0
0
0
0
0
0
0
0
0
0
0
0
0
0
0
0
0
0
0
0
0
0
0
0
0
0
1
0
0
0
1
0
0
0
0
0
0
0
0
0
1
0
0
0
0
0
0
0
0
0
0
0
0
0
1960108
0
26856814070
17885500623
13121639254
3444949577
1186341186
467373325
170369704
13721545
54796737
3920325
5880275
4900205
1960121
361
475
186
79
494
4900008
1
18
13
5
11
21
9
2
0
0
0
4
0
0
0
0
0
0
0
0
0
0
0
0
0
1
0
0
0
0
0
0
0
0
0
0
0
0
0
0
0
0
0
0
0
0
0
0
0
0
0
0
0
0
0
0
0
0
0
0
0
0
0
0
0
0
0
0
0
0
0
0
0
0
0
4
0
0
0
0
0
0
0
0
0
0
0
0
0
0
0
0
0
0
0
0
0
0
0
0
0
0
0
0
0
0
0
0
0
0
0
0
0
0
0
0
0
0
0
0
0
0
0
0
0
0
0
0
0
0
0
0
0
0
0
0
0
0
0
0
0
0
0
0
0
0
0
0
0
0
0
0
0
0
0
0
0
0
0
0
0
0
0
0
0
0
0
0
0
0
0
0
0
0
0
0
0
0
0
0
0
0
0
0
0
0
0
0
0
0
0
0
0
0
0
0
0
0
0
0
0
0
0
0
0
0
0
0
0
0
0
0
0
0
0
0
0
0
0
0
0
0
0
0
0
0
0
0
0
0
0
0
0
0
0
0
0
0
0
0
0
0
0
0
0
0
0
0
0
0
0
0
0
0
0
0
0
0
0
0
0
0
0
0
0
0
0
0
0
0
0
0
0
0
0
0
0
0
0
0
0
0
0
0
0
0
0
0
0
0
0
0
0
0
0
0
0
0
0
0
0
0
0
0
0
0
0
0
0
0
0
0
0
0
0
0
0
0
0
0
0
0
0
0
0
0
0
0
0
0
0
0
0
0
0
0
0
0
0
0
0
0
0
0
0
0
0
0
0
0
0
0
0
0
0
0
0
0
0
0
0
0
0
0
0
0
0
0
0
0
0
0
0
0
0
0
0
0
0
0
0
0
0
0
0
0
0
0
0
0
0
0
0
0
0
0
0
0
0
0
0
0
0
0
0
0
0
0
0
0
0
0
0
0
0
0
0
0
0
0
0
0
0
0
0
0
0
0
0
0
0
0
0
0
0
0
0
0
0
0
0
0
0
0
0
0
0
0
0
0
0
0
0
0
0
0
0
0
0
0
0
0
0
0
0
0
0
0
0
0
0
0
0
0
0
0
0
0
0
0
0
0
0
0
0
0
0
0
0
0
0
0
0
0
670
839295549
115343945
97812098
1210942392
570731575
1234643118
144859018
76431542
195418377
13816998
58769268
331223799
100418930
58719340
62749455
109584198
226547814
79310874
97956134
11271068
18623603
3077150
57600135
54390400
3920521
50876427
3902733
17742
48510361
3920475
40
11270036
5880193
1960094
490027
136479084
201
54
4900229
239
5390039
17
9
21
19579003
71
5390119
151
17
14
21
3
39
21
4
5390066
2
26
5390001
11
0
17
5390001
4
5390000
5
7
490002
0
816
0
0
7350000
134518935
0
0
0
0
0
12228994
5390000
4
0
4
0
490000
0
0
0
0
0
10
0
0
0
0
0
0
5390010
134518934
3
0
1
490000
0
0
0
0
12228998
0
0
0
0
0
0
0
0
0
0
0
0
490000
0
0
0
134518934
0
0
0
0
0
0
0
0
0
4
0
12228994
0
0
0
0
0
0
0
0
0
0
0
0
0
134518934
0
0
0
0
0
0
0
0
0
0
0
0
0
0
12228994
0
0
0
0
0
0
0
0
0
0
0
0
0
0
0
0
0
0
0
0
0
0
0
0
0
0
0
0
0
0
0
0
0
0
0
0
0
0
0
0
0
0
0
0
0
0
0
0
0
0
0
0
0
0
0
0
0
0
0
0
0
0
0
0
0
0
0
0
0
0
0
0
0
0
0
0
0
0
0
0
0
0
0
0
0
0
0
0
0
0
0
0
0
0
0
0
0
0
0
0
0
0
0
0
0
0
0
0
0
0
0
0
0
0
0
0
0
0
0
0
0
0
0
0
0
0
0
0
0
0
0
0
0
0
0
0
0
0
0
0
0
0
0
0
0
0
0
0
0
0
0
0
0
0
0
0
0
0
0
0
0
0
0
0
0
0
0
0
0
0
0
0
0
0
0
0
0
0
0
0
0
0
0
0
0
0
0
0
0
0
0
0
0
0
0
0
0
0
0
0
0
0
0
0
0
0
0
0
0
0
0
0
0
0
0
0
0
0
0
0
0
0
0
0
0
0
0
0
0
0
0
0
0
0
0
0
0
0
0
0
0
0
0
0
0
0
0
0
0
0
0
0
0
0
0
0
0
0
0
0
0
0
0
0
0
0
0
0
0
0
0
0
0
0
0
0
0
0
0
0
0
0
0
0
0
0
0
0
0
0
0
0
0
0
0
0
0
0
0
0
0
0
0
0
0
0
0
0
0
0
0
0
0
0
0
0
0
0
0
0
0
0
0
0
0
0
0
0
0
0
0
0
0
0
0
0
0
0
0
0
0
0
0
1
0
15346666
11223478
11905525042
7290173
5388531
162928376
62
5257893
1760276600
1646151305
3527647
7538
632860358
26
5152315
280
1599294736
15
40670011
25
102
18
977998
232
21
494239663
36
24
215
46466062
20
96
386630170
247
14
43
164
4
151
46465996
19
196
41
2
15
24
69
1
23
180
66
54
17
10148
46
7302
3
41
19
4
64
24
44
2
1
8
52
3
0
3
40
20
23
6
17
2
0
27
36
0
7
3
16
4
1
14
31
0
1
2
6
5
0
3
27
0
1
2
6
4
4
90
28
0
0
1
5
39
31
1
25
1
26
2
30
0
1
15
24
0
2
1
1
10
3
0
20
0
0
1
4
2
2
0
21
0
0
2
1
0
1
2
17
0
2
3
0
3
0
5
17
1
0
2
2
0
5
0
18
1
0
0
0
0
1
5
17
2
2
0
1
1
0
0
19
0
1
1
5
0
1
6
16
0
0
3
5
2
0
2
13
0
0
4
1
1
0
0
11
0
0
1
0
3
0
0
12
1
0
1
0
0
1
0
11
0
1
8
5
0
0
2
12
1
1
1
5
1
0
3
6
0
2
6
2
1
0
1
6
1
0
1
0
0
1
0
6
0
1
2
2
0
1
0
5
1
1
1
4
0
1
2
4
0
1
2
4
0
2
0
1
0
1
4
0
2
3
0
0
1
0
0
0
0
0
2
0
1
0
0
1
1
8
1
1
0
1
0
0
1
2
0
0
0
8
1
0
0
0
1
0
2
0
0
0
1
0
0
0
0
1
0
1
0
0
0
0
0
0
1
0
0
0
0
1
0
0
0
0
1
0
0
0
0
0
1
0
1
2
0
0
1
0
1
0
0
0
1
0
1
1
0
2
0
1
1
1
0
1
1
0
3
1
1
0
2
0
1
0
8
2
1
1
1
1
0
1
0
1
0
0
1
2
0
1
1
2
0
0
1
0
0
3
2
0
1
1
2
1
0
1
1
1
2
2
0
0
1
1
1
0
0
1
0
0
1
3
0
0
0
1
0
2
0
0
0
0
3
0
0
1
0
4
3
1
0
1
0
1
0
3
0
1
10
0
1
0
0
0
2
0
7
2
1
0
1
2
2
1
2
2
0
1
2
2
1
0
3
1
1
3
1
0
1
1
4
1
0
0
1
1
3
3
2
1
1
1
2
2
1
1
3
0
2
1
1
1
1
1
4
2
243
